[0.7932092833214919, 0.781070873614685, 0.7953772298067081]
[0.781070873614685, 0.7953772298067081, 0.7784012535512674]
[0.7953772298067081, 0.7784012535512674, 0.7925791806931742]
[0.7784012535512674, 0.7925791806931742, 0.7877129249869321]
[0.7925791806931742, 0.7877129249869321, 0.7869171410939104]
[0.7877129249869321, 0.7869171410939104, 0.7913992795856268]
[0.7869171410939104, 0.7913992795856268, 0.7959490784070752]
[0.7913992795856268, 0.7959490784070752, 0.7834500433731254]
[0.7959490784070752, 0.7834500433731254, 0.7848186765032911]
[0.7834500433731254, 0.7848186765032911, 0.7862539673406553]
[0.7848186765032911, 0.7862539673406553, 0.781269889286364]
[0.7862539673406553, 0.781269889286364, 0.8022551931040172]
[0.781269889286364, 0.8022551931040172, 0.8035755368878496]
[0.8022551931040172, 0.8035755368878496, 0.8100352618979985]
[0.8035755368878496, 0.8100352618979985, 0.8057536691533607]
[0.8100352618979985, 0.8057536691533607, 0.8186719497979742]
[0.8057536691533607, 0.8186719497979742, 0.8061452724701154]
[0.8186719497979742, 0.8061452724701154, 0.8270172195397301]
[0.8061452724701154, 0.8270172195397301, 0.8050815878666007]
[0.8270172195397301, 0.8050815878666007, 0.7946243967300485]
[0.8050815878666007, 0.7946243967300485, 0.8057059820740122]
[0.7946243967300485, 0.8057059820740122, 0.808644735487597]
[0.8057059820740122, 0.808644735487597, 0.8219662591736457]
[0.808644735487597, 0.8219662591736457, 0.8059131337915593]
[0.8219662591736457, 0.8059131337915593, 0.8128255165178471]
[0.8059131337915593, 0.8128255165178471, 0.8269968579733942]
[0.8128255165178471, 0.8269968579733942, 0.8196426736507976]
[0.8269968579733942, 0.8196426736507976, 0.8028128258232161]
[0.8196426736507976, 0.8028128258232161, 0.8340536975458339]
[0.8028128258232161, 0.8340536975458339, 0.8135783469217194]
[0.8340536975458339, 0.8135783469217194, 0.8168845065888088]
[0.8135783469217194, 0.8168845065888088, 0.8356114190333013]
[0.8168845065888088, 0.8356114190333013, 0.8524521596047006]
[0.8356114190333013, 0.8524521596047006, 0.8990583718299987]
[0.8524521596047006, 0.8990583718299987, 0.9937934088753723]
[0.8990583718299987, 0.9937934088753723, 0.9720664128533978]
[0.9937934088753723, 0.9720664128533978, 0.8073252906518922]
[0.9720664128533978, 0.8073252906518922, 0.7844497495175504]
[0.8073252906518922, 0.7844497495175504, 0.7844497495175504]
[0.7844497495175504, 0.7844497495175504, 0.9099192282605149]
[0.7844497495175504, 0.9099192282605149, 0.8686394209624275]
[0.9099192282605149, 0.8686394209624275, 0.8366830421416512]
[0.8686394209624275, 0.8366830421416512, 0.7539675525331065]
[0.8366830421416512, 0.7539675525331065, 0.8421119245687705]
[0.7539675525331065, 0.8421119245687705, 0.7460880394253329]
[0.8421119245687705, 0.7460880394253329, 0.8433035012325125]
[0.7460880394253329, 0.8433035012325125, 0.9978290976832459]
[0.8433035012325125, 0.9978290976832459, 0.9936891649077195]
[0.9978290976832459, 0.9936891649077195, 0.8847753213034317]
[0.9936891649077195, 0.8847753213034317, 0.8908354868476278]
[0.8847753213034317, 0.8908354868476278, 0.9014287183923575]
[0.8908354868476278, 0.9014287183923575, 0.9292789670346744]
[0.9014287183923575, 0.9292789670346744, 0.9579850493284743]
[0.9292789670346744, 0.9579850493284743, 0.9683664699172438]
[0.9579850493284743, 0.9683664699172438, 0.9953711988332219]
[0.9683664699172438, 0.9953711988332219, 1.002800188186032]
[0.9953711988332219, 1.002800188186032, 0.9803676803609991]
[1.002800188186032, 0.9803676803609991, 1.0083570816089484]
[0.9803676803609991, 1.0083570816089484, 0.9836668187690893]
[1.0083570816089484, 0.9836668187690893, 0.9825343300038094]
[0.9836668187690893, 0.9825343300038094, 0.9590813591875482]
[0.9825343300038094, 0.9590813591875482, 0.9316456873073601]
[0.9590813591875482, 0.9316456873073601, 0.9042367230049967]
[0.9316456873073601, 0.9042367230049967, 0.8694907373365974]
[0.9042367230049967, 0.8694907373365974, 0.8491400078712367]
[0.8694907373365974, 0.8491400078712367, 0.8293560126250887]
[0.8491400078712367, 0.8293560126250887, 0.8349045581622303]
[0.8293560126250887, 0.8349045581622303, 0.8530706102919867]
[0.8349045581622303, 0.8530706102919867, 0.8862446710302546]
[0.8530706102919867, 0.8862446710302546, 0.9553804229102043]
[0.8862446710302546, 0.9553804229102043, 0.9988706020110014]
[0.9553804229102043, 0.9988706020110014, 0.9559264171871618]
[0.9988706020110014, 0.9559264171871618, 1.0548557694717706]
[0.9559264171871618, 1.0548557694717706, 0.9535206474669181]
[1.0548557694717706, 0.9535206474669181, 0.9535206474669181]
[0.9535206474669181, 0.9535206474669181, 1.0508969170472493]
[0.9535206474669181, 1.0508969170472493, 0.9838505590135179]
[1.0508969170472493, 0.9838505590135179, 1.0181744678471836]
[0.9838505590135179, 1.0181744678471836, 0.8547672506926142]
[1.0181744678471836, 0.8547672506926142, 1.0012658622650992]
[0.8547672506926142, 1.0012658622650992, 1.009180869000111]
[1.0012658622650992, 1.009180869000111, 0.9683929324084769]
[1.009180869000111, 0.9683929324084769, 0.9012372838548617]
[0.9683929324084769, 0.9012372838548617, 0.8711864590664495]
[0.9012372838548617, 0.8711864590664495, 0.8620986277647333]
[0.8711864590664495, 0.8620986277647333, 0.8574201529167231]
[0.8620986277647333, 0.8574201529167231, 0.8550160886515575]
[0.8574201529167231, 0.8550160886515575, 0.8868240941442193]
[0.8550160886515575, 0.8868240941442193, 0.9557205000293829]
[0.8868240941442193, 0.9557205000293829, 0.994533604989588]
[0.9557205000293829, 0.994533604989588, 1.0362798904574833]
[0.994533604989588, 1.0362798904574833, 0.8251234585210149]
[1.0362798904574833, 0.8251234585210149, 0.8514700911815807]
[0.8251234585210149, 0.8514700911815807, 0.9771143483869514]
[0.8514700911815807, 0.9771143483869514, 0.9447402288903199]
[0.9771143483869514, 0.9447402288903199, 0.8940294532205488]
[0.9447402288903199, 0.8940294532205488, 0.8694309013995043]
[0.8940294532205488, 0.8694309013995043, 0.85341780187335]
[0.8694309013995043, 0.85341780187335, 0.8623026379806957]
[0.85341780187335, 0.8623026379806957, 0.8734722512800941]
[0.8623026379806957, 0.8734722512800941, 0.8844195123868168]
[0.8734722512800941, 0.8844195123868168, 0.97275989239337]
[0.8844195123868168, 0.97275989239337, 1.007162209675941]
[0.97275989239337, 1.007162209675941, 0.9640683173551727]
[1.007162209675941, 0.9640683173551727, 0.9900055948785597]
[0.9640683173551727, 0.9900055948785597, 0.915646729181109]
[0.9900055948785597, 0.915646729181109, 0.8744192087364]
[0.915646729181109, 0.8744192087364, 0.8585657196232352]
[0.8744192087364, 0.8585657196232352, 0.8785077222117271]
[0.8585657196232352, 0.8785077222117271, 0.9480245021729721]
[0.8785077222117271, 0.9480245021729721, 1.00388018574408]
[0.9480245021729721, 1.00388018574408, 0.996793768261698]
[1.00388018574408, 0.996793768261698, 0.7271825024523446]
[0.996793768261698, 0.7271825024523446, 0.8775631581208139]
[0.7271825024523446, 0.8775631581208139, 0.9646491426670399]
[0.8775631581208139, 0.9646491426670399, 0.946251701903142]
[0.9646491426670399, 0.946251701903142, 0.9283493791691123]
[0.946251701903142, 0.9283493791691123, 0.9795841518103987]
[0.9283493791691123, 0.9795841518103987, 0.9590084447391343]
[0.9795841518103987, 0.9590084447391343, 0.7196490451607289]
[0.9590084447391343, 0.7196490451607289, 0.7137525047501675]
[0.7196490451607289, 0.7137525047501675, 0.7968432972815555]
[0.7137525047501675, 0.7968432972815555, 0.7835642013328619]
[0.7968432972815555, 0.7835642013328619, 0.721517688561909]
[0.7835642013328619, 0.721517688561909, 0.8081633124058795]
[0.721517688561909, 0.8081633124058795, 0.6768418698889764]
[0.8081633124058795, 0.6768418698889764, 0.7144622596470304]
[0.6768418698889764, 0.7144622596470304, 0.7856916454776035]
[0.7144622596470304, 0.7856916454776035, 0.7562909740637622]
[0.7856916454776035, 0.7562909740637622, 0.7168848537727083]
[0.7562909740637622, 0.7168848537727083, 0.7414293075370828]
[0.7168848537727083, 0.7414293075370828, 0.8416772543000195]
[0.7414293075370828, 0.8416772543000195, 0.8199449356653095]
[0.8416772543000195, 0.8199449356653095, 0.7294536496808189]
[0.8199449356653095, 0.7294536496808189, 0.7295871575817414]
[0.7294536496808189, 0.7295871575817414, 0.9129909348067713]
[0.7295871575817414, 0.9129909348067713, 0.7698134035742733]
[0.9129909348067713, 0.7698134035742733, 0.6972853119702651]
[0.7698134035742733, 0.6972853119702651, 0.7249481358782337]
[0.6972853119702651, 0.7249481358782337, 0.7148670736898055]
[0.7249481358782337, 0.7148670736898055, 0.7239648330473125]
[0.7148670736898055, 0.7239648330473125, 0.7048539344287581]
[0.7239648330473125, 0.7048539344287581, 0.7234408460314703]
[0.7048539344287581, 0.7234408460314703, 0.7853707384525139]
[0.7234408460314703, 0.7853707384525139, 0.7853707384525139]
[0.7853707384525139, 0.7853707384525139, 0.7464645408451214]
[0.7853707384525139, 0.7464645408451214, 0.8090988502802228]
[0.7464645408451214, 0.8090988502802228, 0.7934940960670458]
[0.8090988502802228, 0.7934940960670458, 0.8334622137452248]
[0.7934940960670458, 0.8334622137452248, 0.7998853485188903]
[0.8334622137452248, 0.7998853485188903, 1.0194305973437352]
[0.7998853485188903, 1.0194305973437352, 0.9460022422878203]
[1.0194305973437352, 0.9460022422878203, 0.9234087641553186]
[0.9460022422878203, 0.9234087641553186, 0.8986752855136391]
[0.9234087641553186, 0.8986752855136391, 0.9028013456220627]
[0.8986752855136391, 0.9028013456220627, 0.9028013456220627]
[0.9028013456220627, 0.9028013456220627, 0.866959316027095]
[0.9028013456220627, 0.866959316027095, 0.8721713253161418]
[0.866959316027095, 0.8721713253161418, 0.85871101243247]
[0.8721713253161418, 0.85871101243247, 0.8663444904708121]
[0.85871101243247, 0.8663444904708121, 0.8675416440958437]
[0.8663444904708121, 0.8675416440958437, 0.8584439835577795]
[0.8675416440958437, 0.8584439835577795, 0.8640064880538194]
[0.8584439835577795, 0.8640064880538194, 0.8563508950854877]
[0.8640064880538194, 0.8563508950854877, 0.8590773895532814]
[0.8563508950854877, 0.8590773895532814, 0.8578625711101258]
[0.8590773895532814, 0.8578625711101258, 0.8541564975628151]
[0.8578625711101258, 0.8541564975628151, 0.8518536523213156]
[0.8541564975628151, 0.8518536523213156, 0.8453460608341898]
[0.8518536523213156, 0.8453460608341898, 0.8404451482752522]
[0.8453460608341898, 0.8404451482752522, 0.8645969290111235]
[0.8404451482752522, 0.8645969290111235, 0.8375370717013948]
[0.8645969290111235, 0.8375370717013948, 0.8575968951956211]
[0.8375370717013948, 0.8575968951956211, 0.8409392161047916]
[0.8575968951956211, 0.8409392161047916, 0.8481486403788348]
[0.8409392161047916, 0.8481486403788348, 0.8432033725618266]
[0.8481486403788348, 0.8432033725618266, 0.8445926575534193]
[0.8432033725618266, 0.8445926575534193, 0.8501216370063598]
[0.8445926575534193, 0.8501216370063598, 0.8463270927633235]
[0.8501216370063598, 0.8463270927633235, 0.8542860732923786]
[0.8463270927633235, 0.8542860732923786, 0.876696545292316]
[0.8542860732923786, 0.876696545292316, 0.9066310147266295]
[0.876696545292316, 0.9066310147266295, 0.9327013466936314]
[0.9066310147266295, 0.9327013466936314, 1.0169923406308614]
[0.9327013466936314, 1.0169923406308614, 1.0271323181014846]
[1.0169923406308614, 1.0271323181014846, 0.9044259520598699]
[1.0271323181014846, 0.9044259520598699, 0.7881759632957182]
[0.9044259520598699, 0.7881759632957182, 0.798705399099606]
[0.7881759632957182, 0.798705399099606, 0.7739358661160194]
[0.798705399099606, 0.7739358661160194, 0.7711218626376793]
[0.7739358661160194, 0.7711218626376793, 0.7711218626376793]
[0.7711218626376793, 0.7711218626376793, 0.7523962463103646]
[0.7711218626376793, 0.7523962463103646, 0.804423608537588]
[0.7523962463103646, 0.804423608537588, 0.7586141234983903]
[0.804423608537588, 0.7586141234983903, 0.8377973549880531]
[0.7586141234983903, 0.8377973549880531, 0.809157931444628]
[0.8377973549880531, 0.809157931444628, 0.7489897732125862]
[0.809157931444628, 0.7489897732125862, 0.8711388823514068]
[0.7489897732125862, 0.8711388823514068, 0.7512802532304339]
[0.8711388823514068, 0.7512802532304339, 0.8433487565389028]
[0.7512802532304339, 0.8433487565389028, 0.7288736581086869]
[0.8433487565389028, 0.7288736581086869, 0.7643543930573189]
[0.7288736581086869, 0.7643543930573189, 0.8143619237933684]
[0.7643543930573189, 0.8143619237933684, 0.7543197925565861]
[0.8143619237933684, 0.7543197925565861, 0.7487992654416477]
[0.7543197925565861, 0.7487992654416477, 0.7223806548651104]
[0.7487992654416477, 0.7223806548651104, 0.7383013842364052]
[0.7223806548651104, 0.7383013842364052, 0.8114637859450873]
[0.7383013842364052, 0.8114637859450873, 0.7844565175017604]
[0.8114637859450873, 0.7844565175017604, 0.7508360233094231]
[0.7844565175017604, 0.7508360233094231, 0.7441177046816916]
[0.7508360233094231, 0.7441177046816916, 0.7688892745202526]
[0.7441177046816916, 0.7688892745202526, 0.7268797327504342]
[0.7688892745202526, 0.7268797327504342, 0.7951724101436244]
[0.7268797327504342, 0.7951724101436244, 0.798868980595659]
[0.7951724101436244, 0.798868980595659, 0.8042504225217696]
[0.798868980595659, 0.8042504225217696, 0.7804616760529272]
[0.8042504225217696, 0.7804616760529272, 0.7511321267626712]
[0.7804616760529272, 0.7511321267626712, 0.8046441648423496]
[0.7511321267626712, 0.8046441648423496, 0.7686042772981121]
[0.8046441648423496, 0.7686042772981121, 0.7430341413370881]
[0.7686042772981121, 0.7430341413370881, 0.8261951014650438]
[0.7430341413370881, 0.8261951014650438, 0.7454015100822229]
[0.8261951014650438, 0.7454015100822229, 0.8389771799582886]
[0.7454015100822229, 0.8389771799582886, 0.768513551372751]
[0.8389771799582886, 0.768513551372751, 0.8039135499256373]
[0.768513551372751, 0.8039135499256373, 1.0410308199007123]
[0.8039135499256373, 1.0410308199007123, 0.9850759360798199]
[1.0410308199007123, 0.9850759360798199, 0.937316304102801]
[0.9850759360798199, 0.937316304102801, 0.9005738663124729]
[0.937316304102801, 0.9005738663124729, 0.8731813383753401]
[0.9005738663124729, 0.8731813383753401, 0.8190242647757309]
[0.8731813383753401, 0.8190242647757309, 0.785661545526836]
[0.8190242647757309, 0.785661545526836, 0.7746444411192976]
[0.785661545526836, 0.7746444411192976, 0.7797153567695362]
[0.7746444411192976, 0.7797153567695362, 0.7801900401638511]
[0.7797153567695362, 0.7801900401638511, 0.8001213869940853]
[0.7801900401638511, 0.8001213869940853, 0.7975435372299637]
[0.8001213869940853, 0.7975435372299637, 0.8063781832481924]
[0.7975435372299637, 0.8063781832481924, 0.7789154531319424]
[0.8063781832481924, 0.7789154531319424, 0.8147690677540766]
[0.7789154531319424, 0.8147690677540766, 0.7946007568475604]
[0.8147690677540766, 0.7946007568475604, 0.8055293083886006]
[0.7946007568475604, 0.8055293083886006, 0.8134519999240302]
[0.8055293083886006, 0.8134519999240302, 0.8090069700255857]
[0.8134519999240302, 0.8090069700255857, 0.8309681299041126]
[0.8090069700255857, 0.8309681299041126, 0.8317614766840151]
[0.8309681299041126, 0.8317614766840151, 0.8144181401643257]
[0.8317614766840151, 0.8144181401643257, 0.8329599587205221]
[0.8144181401643257, 0.8329599587205221, 0.8306576522675897]
[0.8329599587205221, 0.8306576522675897, 0.8278941466594756]
[0.8306576522675897, 0.8278941466594756, 0.8355468885843089]
[0.8278941466594756, 0.8355468885843089, 0.8325484790392346]
[0.8355468885843089, 0.8325484790392346, 0.8315376620216391]
[0.8325484790392346, 0.8315376620216391, 0.8340668323921774]
[0.8315376620216391, 0.8340668323921774, 0.8340515194713748]
[0.8340668323921774, 0.8340515194713748, 0.8508217739191395]
[0.8340515194713748, 0.8508217739191395, 0.9432815843867473]
[0.8508217739191395, 0.9432815843867473, 1.0204381357209504]
[0.9432815843867473, 1.0204381357209504, 1.0431058828203663]
[1.0204381357209504, 1.0431058828203663, 0.8247294418813852]
[1.0431058828203663, 0.8247294418813852, 0.9074813900728153]
[0.8247294418813852, 0.9074813900728153, 0.8283182100954399]
[0.9074813900728153, 0.8283182100954399, 0.7705054674079339]
[0.8283182100954399, 0.7705054674079339, 0.8772123381776369]
[0.7705054674079339, 0.8772123381776369, 0.7740311139960251]
[0.8772123381776369, 0.7740311139960251, 0.8082497402130825]
[0.7740311139960251, 0.8082497402130825, 0.9176344018321194]
[0.8082497402130825, 0.9176344018321194, 0.8942906898648407]
